%YAML:1.0
cameraMatrix: !!opencv-matrix
   rows: 3
   cols: 3
   dt: d
   data: [ 6.3915115674909123e+02, 0., 3.1302778415497352e+02, 0.,
       6.3765243955366122e+02, 2.3631395121698253e+02, 0., 0., 1. ]
imageSize_width: 640
imageSize_height: 480
distCoeffs: !!opencv-matrix
   rows: 1
   cols: 5
   dt: d
   data: [ 1.9120914365962738e-01, -4.8979753052409702e-01,
       3.0297018680688409e-03, 8.9324533887869722e-04,
       1.9404600372370148e-01 ]
reprojectionError: 1.6206757724285126e-01
features:
   - [ [ 3.01419800e+02, 1.81557877e+02, 2.98796997e+02, 1.96746475e+02,
       2.96258331e+02, 2.11873703e+02, 2.93543732e+02, 2.27210007e+02,
       2.90962433e+02, 2.42698685e+02, 2.88373047e+02, 2.58477173e+02,
       2.85602203e+02, 2.74265533e+02, 2.82910278e+02, 2.90467743e+02,
       2.80182129e+02, 3.06531128e+02, 2.77514740e+02, 3.22795044e+02,
       2.85636719e+02, 1.78804718e+02, 2.83039917e+02, 1.94048645e+02,
       2.80526764e+02, 2.09064575e+02, 2.77863373e+02, 2.24491135e+02,
       2.75169250e+02, 2.40158813e+02, 2.72391296e+02, 2.55704971e+02,
       2.69625153e+02, 2.71467377e+02, 2.66759613e+02, 2.87583832e+02,
       2.63865295e+02, 3.03746124e+02, 2.61053009e+02, 3.20066895e+02,
       2.70085175e+02, 1.75869370e+02, 2.67343628e+02, 1.91122055e+02,
       2.64595428e+02, 2.06290955e+02, 2.61821594e+02, 2.21513992e+02,
       2.59215118e+02, 2.37347992e+02, 2.56384277e+02, 2.52880142e+02,
       2.53419022e+02, 2.68609558e+02, 2.50526291e+02, 2.84773926e+02,
       2.47522324e+02, 3.01059235e+02, 2.44591690e+02, 3.17406525e+02,
       2.54564255e+02, 1.72836411e+02, 2.51655212e+02, 1.88120132e+02,
       2.48859482e+02, 2.03303558e+02, 2.45993607e+02, 2.18709137e+02,
       2.43193146e+02, 2.34459122e+02, 2.40285477e+02, 2.50042007e+02,
       2.37332718e+02, 2.65989990e+02, 2.34322449e+02, 2.82084320e+02,
       2.31346344e+02, 2.98443359e+02, 2.28287094e+02, 3.14542145e+02,
       2.38565277e+02, 1.69804749e+02, 2.35629395e+02, 1.84948624e+02,
       2.32857269e+02, 2.00368988e+02, 2.29835831e+02, 2.15711060e+02,
       2.26917908e+02, 2.31512817e+02, 2.23814514e+02, 2.47107895e+02,
       2.20844772e+02, 2.63039703e+02, 2.17753937e+02, 2.79198029e+02,
       2.14589706e+02, 2.95614532e+02, 2.11512909e+02, 3.11996338e+02,
       2.22788528e+02, 1.66622421e+02, 2.19721344e+02, 1.81939789e+02,
       2.16712250e+02, 1.97233871e+02, 2.13841690e+02, 2.12637665e+02,
       2.10597458e+02, 2.28418442e+02, 2.07528976e+02, 2.44236816e+02,
       2.04459030e+02, 2.60291901e+02, 2.01271561e+02, 2.76474731e+02,
       1.97951889e+02, 2.92793518e+02, 1.94584702e+02, 3.09360626e+02,
       2.06513351e+02, 1.63757065e+02, 2.03659454e+02, 1.79084854e+02,
       2.00486282e+02, 1.94436844e+02, 1.97538040e+02, 2.09798172e+02,
       1.94383331e+02, 2.25582291e+02, 1.91054092e+02, 2.41475754e+02,
       1.87701324e+02, 2.57569672e+02, 1.84516403e+02, 2.73518646e+02,
       1.81089188e+02, 2.90136230e+02, 1.77647369e+02, 3.06575043e+02 ] ]
   - [ [ 2.95655334e+02, 7.72899017e+01, 2.93539154e+02, 9.26640015e+01,
       2.91336273e+02, 1.08243698e+02, 2.89164246e+02, 1.23882309e+02,
       2.86791656e+02, 1.39670761e+02, 2.84450928e+02, 1.55301743e+02,
       2.82080322e+02, 1.71381363e+02, 2.79758392e+02, 1.87180695e+02,
       2.77597900e+02, 2.03334473e+02, 2.75243317e+02, 2.19229660e+02,
       2.79565704e+02, 7.46233978e+01, 2.77478119e+02, 9.03165207e+01,
       2.75329071e+02, 1.05630966e+02, 2.72968079e+02, 1.21419151e+02,
       2.70471466e+02, 1.37075943e+02, 2.68274933e+02, 1.52938446e+02,
       2.65949371e+02, 1.68724869e+02, 2.63602203e+02, 1.84741348e+02,
       2.61265076e+02, 2.00675278e+02, 2.58662506e+02, 2.16673141e+02,
       2.63645996e+02, 7.17077560e+01, 2.61390472e+02, 8.73960190e+01,
       2.59101013e+02, 1.02817116e+02, 2.56598572e+02, 1.18699654e+02,
       2.54449692e+02, 1.34494614e+02, 2.52139786e+02, 1.50272079e+02,
       2.49611740e+02, 1.66126175e+02, 2.47113510e+02, 1.82179413e+02,
       2.44696548e+02, 1.98110153e+02, 2.42362106e+02, 2.14289902e+02,
       2.47387741e+02, 6.85697556e+01, 2.45060287e+02, 8.44385757e+01,
       2.42983551e+02, 9.99391785e+01, 2.40455231e+02, 1.15923599e+02,
       2.37971024e+02, 1.31633301e+02, 2.35499649e+02, 1.47663391e+02,
       2.33286316e+02, 1.63418350e+02, 2.30574966e+02, 1.79709534e+02,
       2.28431427e+02, 1.95632507e+02, 2.25741135e+02, 2.11815903e+02,
       2.31258240e+02, 6.56891556e+01, 2.28849014e+02, 8.14557190e+01,
       2.26361038e+02, 9.70694885e+01, 2.23798843e+02, 1.12883102e+02,
       2.21500412e+02, 1.28767502e+02, 2.19171799e+02, 1.44722443e+02,
       2.16624771e+02, 1.60679764e+02, 2.14252823e+02, 1.76929260e+02,
       2.11537109e+02, 1.93016724e+02, 2.08869400e+02, 2.09199799e+02,
       2.14611130e+02, 6.24252586e+01, 2.12340500e+02, 7.83344727e+01,
       2.09642532e+02, 9.38976822e+01, 2.07414581e+02, 1.09994377e+02,
       2.04853333e+02, 1.25746704e+02, 2.02323868e+02, 1.41955643e+02,
       1.99841415e+02, 1.57838135e+02, 1.97230835e+02, 1.74275604e+02,
       1.94596115e+02, 1.90332153e+02, 1.92020355e+02, 2.06553619e+02,
       1.98187485e+02, 5.96120453e+01, 1.95569229e+02, 7.55065079e+01,
       1.93174942e+02, 9.12953110e+01, 1.90588928e+02, 1.07230949e+02,
       1.88113907e+02, 1.23189743e+02, 1.85442886e+02, 1.39116806e+02,
       1.82831451e+02, 1.55283218e+02, 1.80241806e+02, 1.71468170e+02,
       1.77446198e+02, 1.87726685e+02, 1.74830322e+02, 2.03990784e+02 ] ]
   - [ [ 3.41958344e+02, 3.73615913e+01, 3.39542328e+02, 5.34788742e+01,
       3.37018585e+02, 6.96788940e+01, 3.34436249e+02, 8.60454483e+01,
       3.31956024e+02, 1.02478989e+02, 3.29493256e+02, 1.18696510e+02,
       3.27055389e+02, 1.35319672e+02, 3.24564545e+02, 1.51710403e+02,
       3.22011810e+02, 1.68354370e+02, 3.19483032e+02, 1.84622055e+02,
       3.25470123e+02, 3.47510109e+01, 3.22996033e+02, 5.09671707e+01,
       3.20575928e+02, 6.72661514e+01, 3.18020111e+02, 8.35416641e+01,
       3.15529694e+02, 9.98462906e+01, 3.13016785e+02, 1.16419647e+02,
       3.10477936e+02, 1.32637054e+02, 3.07947693e+02, 1.49017410e+02,
       3.05362152e+02, 1.65585480e+02, 3.02820312e+02, 1.82085968e+02,
       3.09132721e+02, 3.18289032e+01, 3.06636169e+02, 4.82197914e+01,
       3.04056854e+02, 6.44653854e+01, 3.01440765e+02, 8.07378006e+01,
       2.98923950e+02, 9.71917572e+01, 2.96431000e+02, 1.13461761e+02,
       2.93925018e+02, 1.29723480e+02, 2.91445953e+02, 1.46350693e+02,
       2.88866211e+02, 1.62824585e+02, 2.86289825e+02, 1.79367554e+02,
       2.92498016e+02, 2.86273422e+01, 2.90050568e+02, 4.50722198e+01,
       2.87497711e+02, 6.13809814e+01, 2.85026459e+02, 7.77610092e+01,
       2.82399048e+02, 9.43217316e+01, 2.79930908e+02, 1.10569572e+02,
       2.77458801e+02, 1.27242989e+02, 2.74640442e+02, 1.43610977e+02,
       2.72172729e+02, 1.60277435e+02, 2.69447693e+02, 1.76720398e+02,
       2.76101227e+02, 2.58599014e+01, 2.73552307e+02, 4.23663139e+01,
       2.70942657e+02, 5.84865570e+01, 2.68337097e+02, 7.49127274e+01,
       2.65698792e+02, 9.14601974e+01, 2.63191559e+02, 1.07625671e+02,
       2.60570190e+02, 1.24385208e+02, 2.57886078e+02, 1.40669174e+02,
       2.55312622e+02, 1.57426392e+02, 2.52487122e+02, 1.73796158e+02,
       2.59343658e+02, 2.26209373e+01, 2.56786957e+02, 3.90290947e+01,
       2.54312668e+02, 5.53640633e+01, 2.51694168e+02, 7.19443741e+01,
       2.49079727e+02, 8.83548660e+01, 2.46389160e+02, 1.04724632e+02,
       2.43664352e+02, 1.21319305e+02, 2.40992432e+02, 1.37831100e+02,
       2.38325516e+02, 1.54523193e+02, 2.35560287e+02, 1.71339447e+02,
       2.42731689e+02, 2.00711365e+01, 2.40217850e+02, 3.63904457e+01,
       2.37463486e+02, 5.25761375e+01, 2.34753418e+02, 6.90857773e+01,
       2.32132538e+02, 8.55593414e+01, 2.29359100e+02, 1.01933357e+02,
       2.26674225e+02, 1.18600967e+02, 2.24084152e+02, 1.35189423e+02,
       2.21307343e+02, 1.51724121e+02, 2.18539795e+02, 1.68433243e+02 ] ]
