%YAML:1.0
projectorMatrix: !!opencv-matrix
   rows: 3
   cols: 3
   dt: d
   data: [ 1.4204613924561088e+04, 0., 2.9777900006026715e+02, 0.,
       1.4046787879461990e+04, 4.6651849788375620e+02, 0., 0., 1. ]
projectorWidth: 1280
projectorHeight: 720
distCoeffs: !!opencv-matrix
   rows: 1
   cols: 5
   dt: d
   data: [ -9.9700328852557600e+00, 5.3118206559104729e+03,
       -7.7339304632507169e-02, -3.6170047221622342e-02,
       1.8654444309981933e+01 ]
reprojectionError: 3.1636357307434082e-01
