%YAML:1.0
cameraMatrix: !!opencv-matrix
   rows: 3
   cols: 3
   dt: d
   data: [ 9.1807275595546832e+02, 0., 6.5060615696938373e+02, 0.,
       9.1767299273843832e+02, 3.6045937041077991e+02, 0., 0., 1. ]
imageSize_width: 1280
imageSize_height: 720
sensorSize_width: 0
sensorSize_height: 0
distCoeffs: !!opencv-matrix
   rows: 5
   cols: 1
   dt: d
   data: [ 1.0864084987140907e-01, -2.2584059893248992e-01,
       2.6957348495417664e-04, 2.5021128895260313e-03,
       7.4376067021368369e-02 ]
reprojectionError: 2.5384154915809631e-01
features:
   - [ 6.11581909e+02, 3.59431091e+02, 6.12575989e+02, 3.20839447e+02,
       6.13454895e+02, 2.82663116e+02, 6.14339844e+02, 2.44640839e+02,
       6.15165710e+02, 2.07417450e+02, 6.15795532e+02, 1.69479919e+02,
       6.16619446e+02, 1.32061798e+02, 6.17296387e+02, 9.45936279e+01,
       6.50258301e+02, 3.60282623e+02, 6.50940430e+02, 3.22037384e+02,
       6.51768433e+02, 2.83614685e+02, 6.52572266e+02, 2.45561935e+02,
       6.53258362e+02, 2.08078430e+02, 6.53812927e+02, 1.70495468e+02,
       6.54493469e+02, 1.33117188e+02, 6.55119324e+02, 9.62538605e+01,
       6.88987671e+02, 3.60934143e+02, 6.89551575e+02, 3.22586670e+02,
       6.90145874e+02, 2.84677643e+02, 6.90790466e+02, 2.46509689e+02,
       6.91370667e+02, 2.08822784e+02, 6.91922424e+02, 1.71099442e+02,
       6.92438538e+02, 1.33777817e+02, 6.92880005e+02, 9.66401062e+01,
       7.28107300e+02, 3.61432587e+02, 7.28388123e+02, 3.23093475e+02,
       7.28529419e+02, 2.85564362e+02, 7.29196838e+02, 2.47224442e+02,
       7.29602844e+02, 2.09390244e+02, 7.30078064e+02, 1.71866028e+02,
       7.30477295e+02, 1.34491623e+02, 7.30719299e+02, 9.74205093e+01,
       7.66568420e+02, 3.62563354e+02, 7.67018677e+02, 3.24060059e+02,
       7.66943787e+02, 2.86206451e+02, 7.67266113e+02, 2.48175140e+02,
       7.67602112e+02, 2.10385208e+02, 7.67859924e+02, 1.73068970e+02,
       7.68214233e+02, 1.35743668e+02, 7.68419739e+02, 9.90145493e+01 ]
   - [ 6.09738708e+02, 3.61583618e+02, 6.10756470e+02, 3.24236969e+02,
       6.11692688e+02, 2.87196136e+02, 6.12630981e+02, 2.50651688e+02,
       6.13579651e+02, 2.14624542e+02, 6.14503723e+02, 1.78423096e+02,
       6.15420166e+02, 1.42421616e+02, 6.16211609e+02, 1.07012001e+02,
       6.47677246e+02, 3.62625427e+02, 6.48452148e+02, 3.25353455e+02,
       6.49261169e+02, 2.88326477e+02, 6.49993347e+02, 2.51515656e+02,
       6.50670349e+02, 2.15605087e+02, 6.51451416e+02, 1.79440369e+02,
       6.52195740e+02, 1.43744888e+02, 6.52823669e+02, 1.08546822e+02,
       6.85629578e+02, 3.63194244e+02, 6.86157288e+02, 3.26114838e+02,
       6.86604614e+02, 2.89442871e+02, 6.87376770e+02, 2.52479385e+02,
       6.87828125e+02, 2.16437195e+02, 6.88424683e+02, 1.80339417e+02,
       6.88988892e+02, 1.44504196e+02, 6.89558411e+02, 1.09324753e+02,
       7.23755798e+02, 3.63755157e+02, 7.24083984e+02, 3.26624908e+02,
       7.24217346e+02, 2.90343384e+02, 7.24665894e+02, 2.53539307e+02,
       7.25192688e+02, 2.17202423e+02, 7.25534973e+02, 1.81123535e+02,
       7.25830933e+02, 1.45490463e+02, 7.26306824e+02, 1.10279488e+02,
       7.61432373e+02, 3.65171173e+02, 7.61783142e+02, 3.27619110e+02,
       7.61709595e+02, 2.91140686e+02, 7.62001221e+02, 2.54587585e+02,
       7.62198792e+02, 2.18368561e+02, 7.62372681e+02, 1.82470596e+02,
       7.62489319e+02, 1.46993408e+02, 7.62548096e+02, 1.11911438e+02 ]
   - [ 6.14286560e+02, 3.53440460e+02, 6.14681274e+02, 3.14990692e+02,
       6.15236206e+02, 2.77163971e+02, 6.15450500e+02, 2.39524216e+02,
       6.15600220e+02, 2.02360703e+02, 6.16270630e+02, 1.64851242e+02,
       6.16683899e+02, 1.27540268e+02, 6.17103760e+02, 9.06194382e+01,
       6.51600586e+02, 3.54661316e+02, 6.51733398e+02, 3.16862030e+02,
       6.52358154e+02, 2.79086090e+02, 6.52668884e+02, 2.41617355e+02,
       6.52627136e+02, 2.04898697e+02, 6.53204956e+02, 1.67763611e+02,
       6.53357605e+02, 1.31177353e+02, 6.53454041e+02, 9.46191254e+01,
       6.89221863e+02, 3.55558716e+02, 6.88767517e+02, 3.18346222e+02,
       6.88575073e+02, 2.81281433e+02, 6.89356201e+02, 2.43835846e+02,
       6.89319519e+02, 2.07320557e+02, 6.89559448e+02, 1.70516724e+02,
       6.89686218e+02, 1.34000824e+02, 6.89653625e+02, 9.77979202e+01,
       7.26013428e+02, 3.56551239e+02, 7.25571228e+02, 3.19468323e+02,
       7.24728210e+02, 2.82970947e+02, 7.25257690e+02, 2.46154419e+02,
       7.25381104e+02, 2.09501907e+02, 7.25473755e+02, 1.73150208e+02,
       7.25467712e+02, 1.37072937e+02, 7.25315796e+02, 1.01241508e+02,
       7.61136169e+02, 3.58146759e+02, 7.61324768e+02, 3.21057373e+02,
       7.60560059e+02, 2.84669281e+02, 7.60349976e+02, 2.48446945e+02,
       7.60318665e+02, 2.12222336e+02, 7.60152466e+02, 1.76335846e+02,
       7.59933838e+02, 1.40599579e+02, 7.59602234e+02, 1.05294319e+02 ]
   - [ 6.50263916e+02, 3.50665375e+02, 6.53377075e+02, 3.12368958e+02,
       6.56513611e+02, 2.74313995e+02, 6.59672913e+02, 2.36682800e+02,
       6.62846191e+02, 1.99499329e+02, 6.65821716e+02, 1.61925247e+02,
       6.68839478e+02, 1.24556511e+02, 6.71861755e+02, 8.76650696e+01,
       6.88833435e+02, 3.53379700e+02, 6.91939453e+02, 3.14860413e+02,
       6.94875305e+02, 2.76462799e+02, 6.97727783e+02, 2.38371582e+02,
       7.00903198e+02, 2.00950851e+02, 7.03804871e+02, 1.63291733e+02,
       7.06804260e+02, 1.26006081e+02, 7.09797852e+02, 8.90625458e+01,
       7.27886902e+02, 3.55521240e+02, 7.30854553e+02, 3.16888947e+02,
       7.33835876e+02, 2.78659393e+02, 7.36645386e+02, 2.40193436e+02,
       7.39571960e+02, 2.02427032e+02, 7.42419556e+02, 1.64428177e+02,
       7.45325317e+02, 1.26723297e+02, 7.48238708e+02, 8.94272614e+01,
       7.67726257e+02, 3.57931732e+02, 7.70625244e+02, 3.18891205e+02,
       7.73452820e+02, 2.80691162e+02, 7.76252869e+02, 2.42035217e+02,
       7.78874512e+02, 2.03565216e+02, 7.81671814e+02, 1.65438156e+02,
       7.84488464e+02, 1.27626274e+02, 7.87211182e+02, 9.01447983e+01,
       8.08258972e+02, 3.61036133e+02, 8.11131897e+02, 3.21467712e+02,
       8.13582092e+02, 2.82709381e+02, 8.16265747e+02, 2.44005081e+02,
       8.18790344e+02, 2.05435379e+02, 8.21448364e+02, 1.67250824e+02,
       8.24003418e+02, 1.29302322e+02, 8.26568237e+02, 9.16719208e+01 ]
   - [ 6.62653748e+02, 3.49327393e+02, 6.65665771e+02, 3.10138611e+02,
       6.68761230e+02, 2.70233002e+02, 6.71905273e+02, 2.29656738e+02,
       6.75249817e+02, 1.88406555e+02, 6.78486816e+02, 1.46338333e+02,
       6.81822083e+02, 1.03382492e+02, 6.85438965e+02, 5.94594116e+01,
       7.01904419e+02, 3.52289764e+02, 7.05244202e+02, 3.12984802e+02,
       7.08573547e+02, 2.73239014e+02, 7.12127747e+02, 2.32663879e+02,
       7.15754395e+02, 1.91458527e+02, 7.19462769e+02, 1.49368561e+02,
       7.23366028e+02, 1.06373573e+02, 7.27120972e+02, 6.25429459e+01,
       7.41467834e+02, 3.55665833e+02, 7.45001221e+02, 3.16125275e+02,
       7.48647644e+02, 2.76186279e+02, 7.52583313e+02, 2.35670364e+02,
       7.56552856e+02, 1.94375854e+02, 7.60733765e+02, 1.52218384e+02,
       7.64771729e+02, 1.09239868e+02, 7.69172180e+02, 6.53044586e+01,
       7.81473938e+02, 3.58839996e+02, 7.85301575e+02, 3.19315460e+02,
       7.88991577e+02, 2.79211853e+02, 7.93404724e+02, 2.38740173e+02,
       7.97760925e+02, 1.97316071e+02, 8.02341064e+02, 1.55022903e+02,
       8.06934326e+02, 1.12051720e+02, 8.11513062e+02, 6.81478424e+01,
       8.21217834e+02, 3.61805023e+02, 8.25674622e+02, 3.22485962e+02,
       8.29724182e+02, 2.82214386e+02, 8.34326904e+02, 2.41466629e+02,
       8.39034180e+02, 2.00206284e+02, 8.43736511e+02, 1.57959183e+02,
       8.48651001e+02, 1.14820198e+02, 8.53562744e+02, 7.12131500e+01 ]
   - [ 6.62372192e+02, 3.48595947e+02, 6.64946350e+02, 3.09604187e+02,
       6.67702820e+02, 2.70037323e+02, 6.70570740e+02, 2.29553268e+02,
       6.73371033e+02, 1.88435867e+02, 6.76273987e+02, 1.46464325e+02,
       6.79187805e+02, 1.03512154e+02, 6.82240234e+02, 5.96897011e+01,
