%YAML:1.0
projectorMatrix: !!opencv-matrix
   rows: 3
   cols: 3
   dt: d
   data: [ 1.4542086557639442e+02, 0., 6.3054693633897296e+02, 0.,
       1.4316970805119797e+02, 3.2389234499372424e+02, 0., 0., 1. ]
projectorWidth: 1280
projectorHeight: 720
distCoeffs: !!opencv-matrix
   rows: 1
   cols: 5
   dt: d
   data: [ -6.6812616422538898e-03, 1.4899075972083410e-02,
       -4.5345676503840429e-04, 1.2031286929521780e-03,
       -2.7835639671586788e-03 ]
reprojectionError: 2.8662049770355225e-01
