%YAML:1.0
cameraMatrix: !!opencv-matrix
   rows: 3
   cols: 3
   dt: d
   data: [ 3.5026167557512781e+03, 0., 6.0881903027852354e+02, 0.,
       3.4884385791867880e+03, 5.5267189034515127e+02, 0., 0., 1. ]
imageSize_width: 1280
imageSize_height: 720
sensorSize_width: 0
sensorSize_height: 0
distCoeffs: !!opencv-matrix
   rows: 5
   cols: 1
   dt: d
   data: [ -2.5028127903252434e-01, 1.1136506990947909e+01,
       -9.2454138860412829e-03, 4.1809565888585691e-02,
       -1.9262376830523948e+02 ]
reprojectionError: 5.6505805253982544e-01
features:
   - [ 450., 250., 550., 250., 650., 250., 750., 250., 500., 300., 600.,
       300., 700., 300., 800., 300., 450., 350., 550., 350., 650., 350.,
       750., 350., 500., 400., 600., 400., 700., 400., 800., 400., 450.,
       450., 550., 450., 650., 450., 750., 450. ]
   - [ 450., 250., 550., 250., 650., 250., 750., 250., 500., 300., 600.,
       300., 700., 300., 800., 300., 450., 350., 550., 350., 650., 350.,
       750., 350., 500., 400., 600., 400., 700., 400., 800., 400., 450.,
       450., 550., 450., 650., 450., 750., 450. ]
   - [ 450., 250., 550., 250., 650., 250., 750., 250., 500., 300., 600.,
       300., 700., 300., 800., 300., 450., 350., 550., 350., 650., 350.,
       750., 350., 500., 400., 600., 400., 700., 400., 800., 400., 450.,
       450., 550., 450., 650., 450., 750., 450. ]
   - [ 450., 250., 550., 250., 650., 250., 750., 250., 500., 300., 600.,
       300., 700., 300., 800., 300., 450., 350., 550., 350., 650., 350.,
       750., 350., 500., 400., 600., 400., 700., 400., 800., 400., 450.,
       450., 550., 450., 650., 450., 750., 450. ]
   - [ 450., 250., 550., 250., 650., 250., 750., 250., 500., 300., 600.,
       300., 700., 300., 800., 300., 450., 350., 550., 350., 650., 350.,
       750., 350., 500., 400., 600., 400., 700., 400., 800., 400., 450.,
       450., 550., 450., 650., 450., 750., 450. ]
   - [ 5.71625977e+02, 4.62743774e+02, 5.70032837e+02, 3.60607147e+02,
       5.68773193e+02, 2.58522614e+02, 5.67679810e+02, 1.56688660e+02,
       6.21252075e+02, 4.10333374e+02, 6.19742065e+02, 3.07772186e+02,
       6.18454163e+02, 2.05569702e+02, 6.17277954e+02, 1.03137512e+02,
       6.72945312e+02, 4.60214691e+02, 6.71296692e+02, 3.57404388e+02,
       6.69754578e+02, 2.54665024e+02, 6.68391113e+02, 1.52266479e+02,
       7.23263245e+02, 4.07254913e+02, 7.21577820e+02, 3.04142212e+02,
       7.19961731e+02, 2.01327789e+02, 7.18778748e+02, 9.80225525e+01,
       7.75567017e+02, 4.57218658e+02, 7.73785767e+02, 3.53897522e+02,
       7.72024841e+02, 2.50651123e+02, 7.70605652e+02, 1.47340363e+02 ]
   - [ 7.89288025e+02, 3.30427368e+02, 6.84352844e+02, 3.36257996e+02,
       5.79346558e+02, 3.41719330e+02, 4.75195709e+02, 3.46758545e+02,
       7.34222534e+02, 2.80832123e+02, 6.29100769e+02, 2.86536316e+02,
       5.24334351e+02, 2.92048920e+02, 4.20155396e+02, 2.97181091e+02,
       7.84211121e+02, 2.25060562e+02, 6.78919739e+02, 2.31066223e+02,
       5.73825500e+02, 2.36832153e+02, 4.69418427e+02, 2.42419830e+02,
       7.28754578e+02, 1.75279007e+02, 6.23497375e+02, 1.81347076e+02,
       5.18674133e+02, 1.87189362e+02, 4.13269318e+02, 1.92025696e+02,
       7.79871033e+02, 1.17551254e+02, 6.73272461e+02, 1.25250404e+02,
       5.68061707e+02, 1.31416473e+02, 4.62638275e+02, 1.36463470e+02 ]
   - [ 4.42111450e+02, 2.43252304e+02, 5.54312195e+02, 2.30039230e+02,
       6.67096619e+02, 2.16535248e+02, 7.80981628e+02, 2.02678146e+02,
       5.04597961e+02, 2.92615021e+02, 6.16740234e+02, 2.79398285e+02,
       7.29779297e+02, 2.65918457e+02, 8.43596008e+02, 2.52126266e+02,
       4.55218536e+02, 3.54558105e+02, 5.66815735e+02, 3.41644775e+02,
       6.79089600e+02, 3.28483459e+02, 7.92414917e+02, 3.15084625e+02,
       5.17265747e+02, 4.03227692e+02, 6.28895264e+02, 3.90392273e+02,
       7.41484985e+02, 3.77368439e+02, 8.54352173e+02, 3.63900269e+02,
       4.68126678e+02, 4.64069092e+02, 5.79144409e+02, 4.51630219e+02,
       6.91014648e+02, 4.38973206e+02, 8.03609192e+02, 4.25969269e+02 ]
   - [ 5.85719849e+02, 4.69813660e+02, 5.69985229e+02, 3.56142090e+02,
       5.54235779e+02, 2.40937393e+02, 5.38488770e+02, 1.24063553e+02,
       6.35286133e+02, 4.04480713e+02, 6.19868408e+02, 2.90011383e+02,
       6.04457275e+02, 1.73941727e+02, 5.89029480e+02, 5.61653862e+01,
       7.00296570e+02, 4.52406555e+02, 6.85197754e+02, 3.38660309e+02,
       6.70115967e+02, 2.23357162e+02, 6.55032959e+02, 1.06402374e+02,
       7.50259949e+02, 3.86900848e+02, 7.35469177e+02, 2.72332550e+02,
       7.20724121e+02, 1.56165741e+02, 7.06051575e+02, 3.82404480e+01,
       8.15604736e+02, 4.34996582e+02, 8.00677551e+02, 3.20901245e+02,
       7.86193542e+02, 2.05462296e+02, 7.71914307e+02, 8.83050461e+01 ]
   - [ 8.19977539e+02, 3.13926758e+02, 7.00087097e+02, 3.34969330e+02,
       5.81264343e+02, 3.55835815e+02, 4.63892548e+02, 3.76330750e+02,
       7.50291565e+02, 2.65269745e+02, 6.30621277e+02, 2.86521240e+02,
       5.12218018e+02, 3.07542572e+02, 3.95169373e+02, 3.28147339e+02,
       8.00901611e+02, 1.95003021e+02, 6.80553833e+02, 2.16498108e+02,
       5.61216980e+02, 2.37916489e+02, 4.43183655e+02, 2.59044495e+02,
       7.30925842e+02, 1.45954224e+02, 6.10824768e+02, 1.67618103e+02,
       4.91848297e+02, 1.89159622e+02, 3.74156097e+02, 2.10414627e+02,
       7.81943176e+02, 7.46347580e+01, 6.60930054e+02, 9.68294296e+01,
       5.41132141e+02, 1.18664383e+02, 4.22529755e+02, 1.40347198e+02 ]
   - [ 6.52759705e+02, 7.81245041e+01, 6.76420776e+02, 2.01272293e+02,
       7.00239136e+02, 3.23541473e+02, 7.24057739e+02, 4.44714935e+02,
       6.03144592e+02, 1.53028641e+02, 6.27065796e+02, 2.75401215e+02,
       6.51109131e+02, 3.96885284e+02, 6.75185547e+02, 5.17028381e+02,
       5.30170776e+02, 1.04908676e+02, 5.54089417e+02, 2.27302200e+02,
       5.78257141e+02, 3.48956421e+02, 6.02571167e+02, 4.69481262e+02,
       4.81450226e+02, 1.79335175e+02, 5.05628326e+02, 3.01014587e+02,
       5.30085022e+02, 4.21794403e+02, 5.54710999e+02, 5.41202026e+02,
       4.09265747e+02, 1.31526749e+02, 4.33362335e+02, 2.53162857e+02,
       4.57844788e+02, 3.74045959e+02, 4.82626923e+02, 4.93781189e+02 ]
