%YAML:1.0
projectorMatrix: !!opencv-matrix
   rows: 3
   cols: 3
   dt: d
   data: [ 5.7059390552616542e+03, 0., 6.6439561113580646e+02, 0.,
       6.4578021434300717e+03, 3.8511071124333608e+02, 0., 0., 1. ]
projectorWidth: 1280
projectorHeight: 720
distCoeffs: !!opencv-matrix
   rows: 1
   cols: 5
   dt: d
   data: [ -5.1042212685738120e-01, 1.2326347288875283e-01,
       1.2759727274058707e-02, 1.2420945683211065e-02,
       4.2222485631913172e-04 ]
reprojectionError: 2.5877943634986877e-01
