%YAML:1.0
cameraMatrix: !!opencv-matrix
   rows: 3
   cols: 3
   dt: d
   data: [ 8.3465245310051591e+02, 0., 6.5910938806935326e+02, 0.,
       8.3874082264910942e+02, 3.7941128216594734e+02, 0., 0., 1. ]
imageSize_width: 1280
imageSize_height: 720
distCoeffs: !!opencv-matrix
   rows: 1
   cols: 5
   dt: d
   data: [ 9.2581836183158642e-02, -1.3355655314821924e+00,
       2.4247227528695456e-03, 2.6146728326910621e-03,
       6.5389537647637406e+00 ]
reprojectionError: 1.7600145936012268e-01
features:
   - [ [ 7.64953674e+02, 3.05085114e+02, 7.63226868e+02, 3.28043701e+02,
       7.61341309e+02, 3.50556519e+02, 7.59275391e+02, 3.73752167e+02,
       7.57341125e+02, 3.97263458e+02, 7.55621765e+02, 4.20412415e+02,
       7.53519165e+02, 4.43632629e+02, 7.51877869e+02, 4.67429413e+02,
       7.49689758e+02, 4.90703308e+02, 7.48448669e+02, 5.14685181e+02,
       7.42138550e+02, 3.04185486e+02, 7.40161133e+02, 3.26505859e+02,
       7.38279907e+02, 3.49293304e+02, 7.36165100e+02, 3.72357819e+02,
       7.34430603e+02, 3.95388763e+02, 7.32331970e+02, 4.18235168e+02,
       7.30483337e+02, 4.41497955e+02, 7.28337708e+02, 4.64782684e+02,
       7.26638916e+02, 4.88449615e+02, 7.24599915e+02, 5.11843536e+02,
       7.19304443e+02, 3.02524811e+02, 7.17348938e+02, 3.25213898e+02,
       7.15325562e+02, 3.47575562e+02, 7.13491577e+02, 3.70523132e+02,
       7.11281738e+02, 3.93402832e+02, 7.09450134e+02, 4.16315704e+02,
       7.07360107e+02, 4.39338287e+02, 7.05563416e+02, 4.62717743e+02,
       7.03373596e+02, 4.86026459e+02, 7.01490479e+02, 5.09515656e+02,
       6.96699890e+02, 3.01336029e+02, 6.94584595e+02, 3.23546417e+02,
       6.92503357e+02, 3.45972443e+02, 6.90549194e+02, 3.68670319e+02,
       6.88585327e+02, 3.91484589e+02, 6.86510193e+02, 4.14306824e+02,
       6.84642212e+02, 4.37427795e+02, 6.82431946e+02, 4.60512634e+02,
       6.80612854e+02, 4.83789520e+02, 6.78334290e+02, 5.07059113e+02,
       6.74553162e+02, 2.99800873e+02, 6.72419373e+02, 3.22222351e+02,
       6.70160095e+02, 3.44586700e+02, 6.68409241e+02, 3.67180878e+02,
       6.66090576e+02, 3.89599976e+02, 6.64084656e+02, 4.12495911e+02,
       6.61698181e+02, 4.35431854e+02, 6.59962769e+02, 4.58467194e+02,
       6.57555298e+02, 4.81549316e+02, 6.55828796e+02, 5.04954376e+02,
       6.52292908e+02, 2.98468750e+02, 6.50106628e+02, 3.20643738e+02,
       6.48053589e+02, 3.43015289e+02, 6.45941406e+02, 3.65357178e+02,
       6.43765625e+02, 3.87786316e+02, 6.41617859e+02, 4.10448853e+02,
       6.39686523e+02, 4.33476685e+02, 6.37215027e+02, 4.56396912e+02,
       6.35428345e+02, 4.79444550e+02, 6.32958801e+02, 5.02513947e+02,
       6.30517334e+02, 2.97455841e+02, 6.28319397e+02, 3.19214355e+02,
       6.26182617e+02, 3.41499634e+02, 6.23962341e+02, 3.63639618e+02,
       6.21752014e+02, 3.86213104e+02, 6.19555054e+02, 4.08521179e+02,
       6.17299683e+02, 4.31468811e+02, 6.15317566e+02, 4.54277802e+02,
       6.12719238e+02, 4.77252136e+02, 6.10769165e+02, 5.00048218e+02 ] ]
   - [ [ 7.64530640e+02, 3.08343597e+02, 7.62695862e+02, 3.30964783e+02,
       7.60813904e+02, 3.53607422e+02, 7.58902222e+02, 3.76845093e+02,
       7.57013611e+02, 4.00083801e+02, 7.55503784e+02, 4.23238861e+02,
       7.53426819e+02, 4.46484802e+02, 7.51769531e+02, 4.70161926e+02,
       7.49735779e+02, 4.93459503e+02, 7.48189514e+02, 5.17385925e+02,
       7.41428589e+02, 3.07049042e+02, 7.39637146e+02, 3.29530853e+02,
       7.37751038e+02, 3.52360046e+02, 7.35950562e+02, 3.75132111e+02,
       7.33985413e+02, 3.98170990e+02, 7.31960449e+02, 4.21286041e+02,
       7.30399048e+02, 4.44418640e+02, 7.28335266e+02, 4.67719421e+02,
       7.26572693e+02, 4.91381927e+02, 7.24488525e+02, 5.14691223e+02,
       7.18720886e+02, 3.05561005e+02, 7.16920227e+02, 3.28238953e+02,
       7.14983032e+02, 3.50538849e+02, 7.12898865e+02, 3.73523346e+02,
       7.11107300e+02, 3.96316254e+02, 7.09323242e+02, 4.19229065e+02,
       7.07067200e+02, 4.42472748e+02, 7.05450745e+02, 4.65611237e+02,
       7.03233459e+02, 4.88875397e+02, 7.01427307e+02, 5.12480103e+02,
       6.96297302e+02, 3.04313110e+02, 6.94442505e+02, 3.26551727e+02,
       6.92405090e+02, 3.49029694e+02, 6.90348267e+02, 3.71729004e+02,
       6.88487061e+02, 3.94487274e+02, 6.86333984e+02, 4.17362335e+02,
       6.84486450e+02, 4.40443115e+02, 6.82331787e+02, 4.63456726e+02,
       6.80478943e+02, 4.86685669e+02, 6.78318665e+02, 5.09815979e+02,
       6.74008667e+02, 3.02956421e+02, 6.72195068e+02, 3.25242218e+02,
       6.69968323e+02, 3.47450500e+02, 6.68034912e+02, 3.70076141e+02,
       6.65798279e+02, 3.92613220e+02, 6.63738647e+02, 4.15330322e+02,
       6.61647522e+02, 4.38248566e+02, 6.59794739e+02, 4.61382812e+02,
       6.57562317e+02, 4.84324982e+02, 6.55705688e+02, 5.07724976e+02,
       6.51946289e+02, 3.01491364e+02, 6.49973877e+02, 3.23553955e+02,
       6.47746460e+02, 3.45937683e+02, 6.45589172e+02, 3.68460327e+02,
       6.43549622e+02, 3.90955048e+02, 6.41546082e+02, 4.13472504e+02,
       6.39502380e+02, 4.36315155e+02, 6.37045959e+02, 4.59406891e+02,
       6.35244751e+02, 4.82288422e+02, 6.32782654e+02, 5.05405182e+02,
       6.30089661e+02, 3.00465820e+02, 6.28058899e+02, 3.22396698e+02,
       6.25957031e+02, 3.44530396e+02, 6.23616943e+02, 3.66585571e+02,
       6.21580566e+02, 3.89129669e+02, 6.19491150e+02, 4.11449036e+02,
       6.16919434e+02, 4.34514923e+02, 6.15166321e+02, 4.57134613e+02,
       6.12698669e+02, 4.80198730e+02, 6.10716553e+02, 5.02843201e+02 ] ]
   - [ [ 7.45104248e+02, 3.83597717e+02, 7.43763611e+02, 4.06435486e+02,
       7.42313904e+02, 4.29055573e+02, 7.41108826e+02, 4.52371216e+02,
       7.39577026e+02, 4.75588318e+02, 7.38422058e+02, 4.99526703e+02,
       7.36422241e+02, 5.23344177e+02, 7.35442322e+02, 5.47507874e+02,
       7.33564392e+02, 5.71656189e+02, 7.32466980e+02, 5.96463379e+02,
       7.22517456e+02, 3.82572693e+02, 7.20988464e+02, 4.05014954e+02,
       7.19560852e+02, 4.27739563e+02, 7.17750977e+02, 4.50756836e+02,
       7.16515747e+02, 4.74195068e+02, 7.14721924e+02, 4.97466248e+02,
       7.13460754e+02, 5.21410156e+02, 7.11568420e+02, 5.45316589e+02,
       7.10260925e+02, 5.69519714e+02, 7.08336121e+02, 5.94256775e+02,
       6.99774048e+02, 3.81406403e+02, 6.98457153e+02, 4.03864532e+02,
       6.96600952e+02, 4.26325439e+02, 6.94973022e+02, 4.49306915e+02,
       6.93303772e+02, 4.72538696e+02, 6.91759521e+02, 4.95645691e+02,
       6.89899170e+02, 5.19398010e+02, 6.88585022e+02, 5.43460327e+02,
       6.86494141e+02, 5.67451355e+02, 6.84838806e+02, 5.91532532e+02,
       6.77592529e+02, 3.80198975e+02, 6.75622925e+02, 4.02539917e+02,
       6.74222961e+02, 4.24943909e+02, 6.72277100e+02, 4.47730896e+02,
       6.70648682e+02, 4.70730103e+02, 6.68659180e+02, 4.93977692e+02,
       6.67346802e+02, 5.17599365e+02, 6.65229858e+02, 5.41413940e+02,
       6.63512634e+02, 5.65221252e+02, 6.61425964e+02, 5.89564087e+02,
       6.55439636e+02, 3.78922058e+02, 6.53585510e+02, 4.01239838e+02,
       6.51625610e+02, 4.23572174e+02, 6.49819092e+02, 4.46133179e+02,
       6.47866028e+02, 4.69332306e+02, 6.46253479e+02, 4.92292603e+02,
       6.44128113e+02, 5.15679810e+02, 6.42563965e+02, 5.39474670e+02,
       6.40426392e+02, 5.63246887e+02, 6.38593262e+02, 5.87363403e+02,
       6.33463013e+02, 3.77761780e+02, 6.31480835e+02, 3.99793701e+02,
       6.29566284e+02, 4.22198059e+02, 6.27536865e+02, 4.44756226e+02,
       6.25700684e+02, 4.67604401e+02, 6.23451172e+02, 4.90539917e+02,
       6.21815735e+02, 5.13976074e+02, 6.19476562e+02, 5.37511169e+02,
       6.17673401e+02, 5.61303650e+02, 6.15373413e+02, 5.85311768e+02,
       6.11598206e+02, 3.76714905e+02, 6.09637268e+02, 3.98635681e+02,
       6.07648315e+02, 4.20604401e+02, 6.05702454e+02, 4.43368164e+02,
       6.03365234e+02, 4.66145966e+02, 6.01422913e+02, 4.88811066e+02,
       5.99102051e+02, 5.12220520e+02, 5.97409790e+02, 5.35560547e+02,
       5.94662781e+02, 5.59366943e+02, 5.92913269e+02, 5.83103760e+02 ] ]
