%YAML:1.0
projectorMatrix: !!opencv-matrix
   rows: 3
   cols: 3
   dt: d
   data: [ 3.2479311598211707e+03, 0., 6.2037632802042788e+02, 0.,
       2.1627616411047720e+03, 3.5259017067870445e+02, 0., 0., 1. ]
projectorWidth: 1280
projectorHeight: 720
distCoeffs: !!opencv-matrix
   rows: 1
   cols: 5
   dt: d
   data: [ -7.3165789246219115e-01, -1.3643613521561837e+01,
       3.3537908807560940e-02, -1.9432246274101225e-01,
       -5.5718347039172231e+00 ]
reprojectionError: 3.6580798029899597e-01
