%YAML:1.0
cameraMatrix: !!opencv-matrix
   rows: 3
   cols: 3
   dt: d
   data: [ 1.3070957332426572e+03, 0., 9.3644262293004306e+02, 0.,
       1.3065543701498968e+03, 5.6683843909697998e+02, 0., 0., 1. ]
imageSize_width: 1920
imageSize_height: 1080
distCoeffs: !!opencv-matrix
   rows: 1
   cols: 5
   dt: d
   data: [ -5.1130919104111661e-01, 3.4105838078380835e+01,
       9.6481907963673688e-03, -7.2679770395835449e-03,
       -6.6135588848846942e+02 ]
reprojectionError: 1.8969933688640594e-01
features:
   - [ [ 9.25172546e+02, 4.81795746e+02, 9.23631592e+02, 5.06336731e+02,
       9.21996399e+02, 5.30652283e+02, 9.20579773e+02, 5.54870850e+02,
       9.18976746e+02, 5.79455811e+02, 9.17384094e+02, 6.03366760e+02,
       9.15733093e+02, 6.28122070e+02, 9.14183838e+02, 6.51890198e+02,
       9.12674438e+02, 6.76294739e+02, 9.10661011e+02, 7.00272827e+02,
       9.00725464e+02, 4.80199341e+02, 8.99178467e+02, 5.04755737e+02,
       8.97504822e+02, 5.28793274e+02, 8.96070801e+02, 5.53434509e+02,
       8.94337036e+02, 5.77761963e+02, 8.93000183e+02, 6.01892151e+02,
       8.91477722e+02, 6.26444946e+02, 8.89874756e+02, 6.50736267e+02,
       8.88310913e+02, 6.75005310e+02, 8.86646729e+02, 6.99376831e+02,
       8.76095825e+02, 4.78632996e+02, 8.74666565e+02, 5.03191040e+02,
       8.72907959e+02, 5.27348389e+02, 8.71638977e+02, 5.51957214e+02,
       8.69920776e+02, 5.76440430e+02, 8.68492065e+02, 6.00500122e+02,
       8.66812805e+02, 6.25251282e+02, 8.65533752e+02, 6.49428955e+02,
       8.63992310e+02, 6.73685547e+02, 8.62362183e+02, 6.97715881e+02,
       8.51715332e+02, 4.76885651e+02, 8.50091309e+02, 5.01460754e+02,
       8.48635376e+02, 5.25804443e+02, 8.47470032e+02, 5.50355652e+02,
       8.45642578e+02, 5.74833618e+02, 8.44035339e+02, 5.99223999e+02,
       8.42283447e+02, 6.23490784e+02, 8.40740295e+02, 6.48198242e+02,
       8.39232117e+02, 6.72239136e+02, 8.37933350e+02, 6.96556335e+02,
       8.26767578e+02, 4.75293549e+02, 8.25623413e+02, 4.99684723e+02,
       8.23933228e+02, 5.24193542e+02, 8.22278076e+02, 5.48945190e+02,
       8.21007507e+02, 5.73219666e+02, 8.19675293e+02, 5.97918884e+02,
       8.17668030e+02, 6.22381348e+02, 8.16510193e+02, 6.46606750e+02,
       8.14888611e+02, 6.70748108e+02, 8.13316345e+02, 6.95591064e+02,
       8.02265076e+02, 4.73684540e+02, 8.00722412e+02, 4.98256073e+02,
       7.99296448e+02, 5.22866577e+02, 7.97669556e+02, 5.47191284e+02,
       7.96177551e+02, 5.71681335e+02, 7.94723145e+02, 5.96681641e+02,
       7.93114380e+02, 6.20938904e+02, 7.91816895e+02, 6.45622314e+02,
       7.90000793e+02, 6.69934570e+02, 7.88558655e+02, 6.94250671e+02,
       7.77340942e+02, 4.71962067e+02, 7.75926758e+02, 4.96475220e+02,
       7.74295044e+02, 5.21416992e+02, 7.73033203e+02, 5.45927002e+02,
       7.71412659e+02, 5.70388123e+02, 7.69878662e+02, 5.94921204e+02,
       7.68519287e+02, 6.19591431e+02, 7.66846985e+02, 6.44362000e+02,
       7.65038269e+02, 6.68567688e+02, 7.63702515e+02, 6.93326416e+02 ] ]
   - [ [ 9.40694946e+02, 4.71911926e+02, 9.38627075e+02, 4.96504120e+02,
       9.37091797e+02, 5.21262634e+02, 9.35299683e+02, 5.46220032e+02,
       9.33358398e+02, 5.70587646e+02, 9.31462585e+02, 5.95190796e+02,
       9.29669678e+02, 6.19732666e+02, 9.27661377e+02, 6.44356873e+02,
       9.25832764e+02, 6.68529175e+02, 9.24030701e+02, 6.93087646e+02,
       9.16306641e+02, 4.70004578e+02, 9.14315308e+02, 4.94725464e+02,
       9.12529602e+02, 5.19490112e+02, 9.10744629e+02, 5.44469360e+02,
       9.08808228e+02, 5.68950745e+02, 9.07012878e+02, 5.93730835e+02,
       9.05334778e+02, 6.18440979e+02, 9.03422119e+02, 6.42990295e+02,
       9.01635803e+02, 6.67489319e+02, 8.99759949e+02, 6.92306519e+02,
       8.91550354e+02, 4.68401367e+02, 8.89654907e+02, 4.93033264e+02,
       8.88218750e+02, 5.18064575e+02, 8.86170166e+02, 5.42929199e+02,
       8.84246521e+02, 5.67751648e+02, 8.82500183e+02, 5.92244324e+02,
       8.80745117e+02, 6.17379456e+02, 8.79196960e+02, 6.42267212e+02,
       8.77331482e+02, 6.66604126e+02, 8.75578125e+02, 6.91454346e+02,
       8.67304199e+02, 4.66370972e+02, 8.65323486e+02, 4.91437317e+02,
       8.63551697e+02, 5.16237244e+02, 8.61687866e+02, 5.41349121e+02,
       8.59689514e+02, 5.66455566e+02, 8.57844055e+02, 5.91281555e+02,
       8.56194092e+02, 6.15826660e+02, 8.54434082e+02, 6.40771545e+02,
       8.52515198e+02, 6.65505371e+02, 8.50847961e+02, 6.90404846e+02,
       8.42004822e+02, 4.64503204e+02, 8.40366272e+02, 4.89585022e+02,
       8.38610168e+02, 5.14406128e+02, 8.36805542e+02, 5.39716309e+02,
       8.34909546e+02, 5.64677979e+02, 8.33267578e+02, 5.89793579e+02,
       8.31351440e+02, 6.14671997e+02, 8.29700317e+02, 6.39769897e+02,
       8.27906616e+02, 6.64644043e+02, 8.25852661e+02, 6.89455078e+02,
       8.17000488e+02, 4.62530518e+02, 8.15014465e+02, 4.87704102e+02,
       8.13265015e+02, 5.12681458e+02, 8.11648682e+02, 5.38222229e+02,
       8.10142456e+02, 5.63259338e+02, 8.08004333e+02, 5.88409912e+02,
       8.06375183e+02, 6.13440613e+02, 8.04446899e+02, 6.38791016e+02,
       8.02724792e+02, 6.63388916e+02, 8.00865967e+02, 6.88629028e+02,
       7.91464966e+02, 4.60616974e+02, 7.89693665e+02, 4.86041687e+02,
       7.87907410e+02, 5.11220093e+02, 7.86223083e+02, 5.36419922e+02,
       7.84661743e+02, 5.61696472e+02, 7.82559448e+02, 5.86834412e+02,
       7.80590332e+02, 6.12322327e+02, 7.79135010e+02, 6.37205261e+02,
       7.77428650e+02, 6.62453186e+02, 7.75632507e+02, 6.87444275e+02 ] ]
   - [ [ 9.41964417e+02, 4.71537201e+02, 9.40234863e+02, 4.96376953e+02,
       9.38470093e+02, 5.20894897e+02, 9.36595703e+02, 5.45880920e+02,
       9.34866760e+02, 5.70660156e+02, 9.33101807e+02, 5.95260559e+02,
       9.31422058e+02, 6.19952026e+02, 9.29527954e+02, 6.44484009e+02,
       9.27599365e+02, 6.68837769e+02, 9.25958374e+02, 6.93296753e+02,
       9.17294800e+02, 4.69609863e+02, 9.15811584e+02, 4.94610779e+02,
       9.13957458e+02, 5.19587341e+02, 9.12132324e+02, 5.44560852e+02,
       9.10362671e+02, 5.68923584e+02, 9.08170227e+02, 5.93851379e+02,
       9.06802124e+02, 6.18542847e+02, 9.05166138e+02, 6.43347168e+02,
       9.03331970e+02, 6.67590820e+02, 9.01594177e+02, 6.92446960e+02,
       8.92665833e+02, 4.68257416e+02, 8.90976379e+02, 4.92802765e+02,
       8.89231323e+02, 5.17928528e+02, 8.87541626e+02, 5.42855103e+02,
       8.85760132e+02, 5.67912781e+02, 8.84258728e+02, 5.92606323e+02,
       8.82381714e+02, 6.17467896e+02, 8.80640259e+02, 6.42396423e+02,
       8.78844910e+02, 6.66913513e+02, 8.77237122e+02, 6.91663940e+02,
       8.68105225e+02, 4.66279755e+02, 8.66514893e+02, 4.91452209e+02,
       8.64461548e+02, 5.16262024e+02, 8.63007202e+02, 5.41372437e+02,
       8.61360901e+02, 5.66382751e+02, 8.59640320e+02, 5.91330139e+02,
       8.57642700e+02, 6.16457397e+02, 8.55742493e+02, 6.41468018e+02,
       8.54179626e+02, 6.66062073e+02, 8.52424377e+02, 6.90884277e+02,
       8.43133057e+02, 4.64544159e+02, 8.41421753e+02, 4.89643188e+02,
       8.39624146e+02, 5.14795105e+02, 8.37858154e+02, 5.39810730e+02,
       8.36427612e+02, 5.64942200e+02, 8.34585022e+02, 5.89853333e+02,
       8.32868408e+02, 6.15055298e+02, 8.30906006e+02, 6.40194458e+02,
       8.29506409e+02, 6.65292542e+02, 8.27416992e+02, 6.89864685e+02,
       8.17973145e+02, 4.62615051e+02, 8.16411316e+02, 4.87975250e+02,
       8.14548950e+02, 5.13048279e+02, 8.12967224e+02, 5.38527649e+02,
       8.11375000e+02, 5.63642456e+02, 8.09624329e+02, 5.88625122e+02,
       8.07968384e+02, 6.14072937e+02, 8.05932678e+02, 6.39132629e+02,
       8.04126160e+02, 6.64138428e+02, 8.02519836e+02, 6.89204956e+02,
       7.92453430e+02, 4.60476074e+02, 7.90684814e+02, 4.85897858e+02,
       7.89022705e+02, 5.11364532e+02, 7.87459778e+02, 5.37059143e+02,
       7.85704834e+02, 5.62196350e+02, 7.84030701e+02, 5.87258728e+02,
       7.82296082e+02, 6.12869263e+02, 7.80728943e+02, 6.38103210e+02,
       7.78867249e+02, 6.63313110e+02, 7.77238098e+02, 6.88291931e+02 ] ]
