%YAML:1.0
projectorMatrix: !!opencv-matrix
   rows: 3
   cols: 3
   dt: d
   data: [ 3.7977342084717043e+03, 0., 5.8110484289743715e+02, 0.,
       3.2790317798373262e+03, 5.5577959205247714e+02, 0., 0., 1. ]
projectorWidth: 1280
projectorHeight: 720
distCoeffs: !!opencv-matrix
   rows: 1
   cols: 5
   dt: d
   data: [ 3.5573019195446345e+00, -1.1409346571898342e+02,
       -1.2616110809363274e-02, -2.3995736061984886e-02,
       9.6083345677601483e+02 ]
reprojectionError: 5.9951406717300415e-01
