%YAML:1.0
projectorMatrix: !!opencv-matrix
   rows: 3
   cols: 3
   dt: d
   data: [ 5.5756855067488059e+03, 0., 6.0981162689378982e+02, 0.,
       3.9621234432858828e+03, 4.0710348652596946e+02, 0., 0., 1. ]
projectorWidth: 1280
projectorHeight: 720
distCoeffs: !!opencv-matrix
   rows: 1
   cols: 5
   dt: d
   data: [ 2.4797916639384558e+00, -9.2631901203861744e+01,
       1.0145831180476469e-01, -4.1200506641994608e-02,
       -3.4489159370262141e+03 ]
reprojectionError: 4.8682644963264465e-01
