%YAML:1.0
projectorWidth: 1280
projectorHeight: 720
cameraWidth: 1920
cameraHeight: 1080
rotation: !!opencv-matrix
   rows: 3
   cols: 3
   dt: d
   data: [ 9.8898922709561865e-01, 9.6711302589829740e-02,
       1.1201443049977627e-01, -4.0448621922013310e-02,
       9.0474954116094430e-01, -4.2401907593134391e-01,
       -1.4235244175433326e-01, 4.1481946883004317e-01,
       8.9869938834191943e-01 ]
translation: !!opencv-matrix
   rows: 3
   cols: 1
   dt: d
   data: [ -8.8397919701779751e-02, 1.4487285245500980e-01,
       -1.7410927451818292e-01 ]
