%YAML:1.0
projectorWidth: 1280
projectorHeight: 720
cameraWidth: 1920
cameraHeight: 1080
rotation: !!opencv-matrix
   rows: 3
   cols: 3
   dt: d
   data: [ 9.8686594989587006e-01, 1.6149525633971612e-01,
       3.8573457055606358e-03, 9.5953876496253088e-03,
       -3.4765882810971219e-02, -9.9934941933651400e-01,
       -1.6125608661993585e-01, 9.8626092671875809e-01,
       -3.5858875552372785e-02 ]
translation: !!opencv-matrix
   rows: 3
   cols: 1
   dt: d
   data: [ -3.9220672111317884e-02, 1.8599783535605810e-01,
       5.5714111987392523e-01 ]
