%YAML:1.0
projectorWidth: 1280
projectorHeight: 720
cameraWidth: 1920
cameraHeight: 1080
rotation: !!opencv-matrix
   rows: 3
   cols: 1
   dt: d
   data: [ 1.1259018013783247e-01, 4.4419208503781360e-01,
       -1.2840207884158112e-03 ]
translation: !!opencv-matrix
   rows: 3
   cols: 1
   dt: d
   data: [ -9.4196442471592022e+01, 1.6127217578776797e+01,
       -1.3323744778375999e+02 ]
