%YAML:1.0
projectorWidth: 1280
projectorHeight: 720
cameraWidth: 1920
cameraHeight: 1080
rotation: !!opencv-matrix
   rows: 3
   cols: 3
   dt: d
   data: [ -9.2808991056638090e-01, -3.4939928287528160e-01,
       -1.2872163388927874e-01, 3.6865184805935741e-01,
       -9.1084739746685828e-01, -1.8561474470060652e-01,
       -5.2392106536261085e-02, -2.1972064002749039e-01,
       9.7415497099722415e-01 ]
translation: !!opencv-matrix
   rows: 3
   cols: 1
   dt: d
   data: [ -3.3690770342828102e-01, -1.6467261044510742e-01,
       9.2702542076249206e-01 ]
