%YAML:1.0
Rotation_Vector: !!opencv-matrix
   rows: 3
   cols: 3
   dt: d
   data: [ -9.9789088267483195e-01, -1.1375137044593440e-02,
       -6.3909252316555393e-02, 1.4066897324353633e-02,
       -9.9902581102397781e-01, -4.1827638082368591e-02,
       6.3371197512045313e-02, 4.2638423576631501e-02,
       -9.9707876126251382e-01 ]
Translation_Vector: !!opencv-matrix
   rows: 3
   cols: 1
   dt: d
   data: [ 3.3519533544810833e-02, 4.2336164329811694e-02,
       -9.9854098066167396e-01 ]
