%YAML:1.0
Rotation_Vector: !!opencv-matrix
   rows: 3
   cols: 3
   dt: d
   data: [ -9.9841204129347594e-01, -1.4402704752118738e-02,
       5.4460608663674429e-02, 3.6424045239066664e-04,
       -9.6839407591268101e-01, -2.4942490065371950e-01,
       -5.6331724002443198e-02, 2.4900898745436550e-01,
       -9.6686155215618341e-01 ]
Translation_Vector: !!opencv-matrix
   rows: 3
   cols: 1
   dt: d
   data: [ 7.7320250034432741e-02, -1.9728628586749247e-01,
       -9.7729202408656901e-01 ]
