%YAML:1.0
Rotation_Vector: !!opencv-matrix
   rows: 3
   cols: 3
   dt: d
   data: [ -9.6850769853177232e-01, -9.5424200608849416e-02,
       2.2997186745959097e-01, -9.5925329597762732e-02,
       -7.0933617724202314e-01, -6.9831262253895576e-01,
       -2.2976328911784452e-01, 6.9838127809516448e-01,
       -6.7784395061099023e-01 ]
Translation_Vector: !!opencv-matrix
   rows: 3
   cols: 1
   dt: d
   data: [ 2.2240218422215666e-01, -7.7501724010740636e-01,
       -5.9151123910667391e-01 ]
