%YAML:1.0
projectorWidth: 1280
projectorHeight: 720
cameraWidth: 1920
cameraHeight: 1080
rotation: !!opencv-matrix
   rows: 3
   cols: 1
   dt: d
   data: [ 7.4162497758212429e-03, 6.8865861502625170e-01,
       -1.1134657608609562e-01 ]
translation: !!opencv-matrix
   rows: 3
   cols: 1
   dt: d
   data: [ -1.2578337514536001e+02, -6.6803127244705358e+00,
       -2.4506373728066631e+01 ]
