%YAML:1.0
projectorWidth: 1280
projectorHeight: 720
cameraWidth: 1920
cameraHeight: 1080
rotation: !!opencv-matrix
   rows: 3
   cols: 3
   dt: d
   data: [ 7.0275149908982359e-01, 9.0638107928039391e-02,
       7.0563805447143413e-01, 2.7844047926541793e-01,
       8.7769024251255190e-01, -3.9003940532297776e-01,
       -6.5468406887097064e-01, 4.7057897486976918e-01,
       5.9156081545101269e-01 ]
translation: !!opencv-matrix
   rows: 3
   cols: 1
   dt: d
   data: [ -7.7985308741682813e-01, 3.9975140714164220e-01,
       -3.7788420200729295e-01 ]
