%YAML:1.0
projectorWidth: 1280
projectorHeight: 720
cameraWidth: 1920
cameraHeight: 1080
rotation: !!opencv-matrix
   rows: 3
   cols: 3
   dt: d
   data: [ 4.8631544058367399e-01, -8.4505996021038543e-01,
       -2.2219576030862631e-01, 7.8055983126025563e-01,
       5.3443873430266342e-01, -3.2419375240730508e-01,
       3.9271318041653297e-01, -1.5776657636812283e-02,
       9.1952566848399742e-01 ]
translation: !!opencv-matrix
   rows: 3
   cols: 1
   dt: d
   data: [ -2.4972849201669034e-01, -2.2886614041387554e-01,
       9.4088042282062911e-01 ]
