%YAML:1.0
projectorWidth: 1280
projectorHeight: 720
cameraWidth: 1920
cameraHeight: 1080
rotation: !!opencv-matrix
   rows: 3
   cols: 3
   dt: d
   data: [ -5.3207543203955732e-01, 8.4508183154148964e-01,
       -5.2272675638426983e-02, 7.0587473026224834e-01,
       4.0864057525458969e-01, -5.7857907448575763e-01,
       4.6758592771502039e-01, 3.4474567184241739e-01,
       8.1394952051635483e-01 ]
translation: !!opencv-matrix
   rows: 3
   cols: 1
   dt: d
   data: [ -8.8129742590798044e-01, 4.2215170254321582e-01,
       2.1237416775076964e-01 ]
