%YAML:1.0
Rotation_Vector: !!opencv-matrix
   rows: 3
   cols: 3
   dt: d
   data: [ -9.1232989178236590e-01, 2.0206932732666744e-02,
       4.0895702516268578e-01, 5.3790635782565759e-02,
       -9.8421048500541453e-01, 1.6863062802324691e-01,
       -4.0590729983887158e-01, -1.7584482100688875e-01,
       -8.9683770151715403e-01 ]
Translation_Vector: !!opencv-matrix
   rows: 3
   cols: 1
   dt: d
   data: [ 5.4866375971029846e-01, 3.0760955542226776e-01,
       -7.7739593528232109e-01 ]
