%YAML:1.0
projectorWidth: 1280
projectorHeight: 720
cameraWidth: 1920
cameraHeight: 1080
rotation: !!opencv-matrix
   rows: 3
   cols: 1
   dt: d
   data: [ 1.5143067020785966e-01, 4.9530948779539152e-01,
       -8.4080190963146534e-02 ]
translation: !!opencv-matrix
   rows: 3
   cols: 1
   dt: d
   data: [ -5.6947292784876061e+02, 1.7341172887871241e+02,
       -8.7852818070951946e+02 ]
