%YAML:1.0
Rotation_Vector: !!opencv-matrix
   rows: 3
   cols: 3
   dt: d
   data: [ -9.7936068924685149e-01, 3.1591078373660680e-02,
       -1.9963627958144542e-01, -5.3934936602080819e-03,
       -9.9144284175471431e-01, -1.3043006463033785e-01,
       2.0204838673958558e-01, 1.2666134098660892e-01,
       -9.7115053113068139e-01 ]
Translation_Vector: !!opencv-matrix
   rows: 3
   cols: 1
   dt: d
   data: [ 9.9965608178084489e-02, 1.1875438612899587e-01,
       -9.8787867319661837e-01 ]
