%YAML:1.0
projectorWidth: 1280
projectorHeight: 720
cameraWidth: 1920
cameraHeight: 1080
rotation: !!opencv-matrix
   rows: 3
   cols: 3
   dt: d
   data: [ -8.3060886921112664e-01, 3.0973165971648946e-02,
       5.5599421703602803e-01, 1.1950390005506671e-01,
       -9.6527435002214623e-01, 2.3230205995847714e-01,
       -5.4388208672417360e-01, -2.5939562868139460e-01,
       -7.9806402221973549e-01 ]
translation: !!opencv-matrix
   rows: 3
   cols: 1
   dt: d
   data: [ 4.3678896413089385e-01, 1.6476489962978977e-01,
       -8.8434604576683995e-01 ]
