%YAML:1.0
projectorMatrix: !!opencv-matrix
   rows: 3
   cols: 3
   dt: d
   data: [ 6.9648926323075384e+03, 0., 5.9207159193763403e+02, 0.,
       6.4043464060091737e+03, 4.1686756388387278e+02, 0., 0., 1. ]
projectorWidth: 1280
projectorHeight: 720
distCoeffs: !!opencv-matrix
   rows: 1
   cols: 5
   dt: d
   data: [ 3.4256868410120056e+01, -2.4027229342522246e+03,
       7.2120266917700715e-01, 2.3688196892378507e-01,
       -1.3698664921849407e+01 ]
reprojectionError: 3.8509503006935120e-01
